0	2010-10-19T23:55:27Z	30.2359091167	-97.7951395833	22847
0	2010-10-18T22:17:43Z	30.2691029532	-97.7493953705	420315
0	2010-10-17T23:42:03Z	30.2557309927	-97.7633857727	316637
0	2010-10-17T19:26:05Z	30.2634181234	-97.7575966669	16516
0	2010-10-16T18:50:42Z	30.2742918584	-97.7405226231	5535878
0	2010-10-12T23:58:03Z	30.261599404	-97.7585805953	15372
0	2010-10-12T22:02:11Z	30.2679095833	-97.7493124167	21714
0	2010-10-12T19:44:40Z	30.2691029532	-97.7493953705	420315
0	2010-10-12T15:57:20Z	30.2811204101	-97.7452111244	153505
0	2010-10-12T15:19:03Z	30.2691029532	-97.7493953705	420315
1	2010-07-25T11:40:18Z	48.86337875	2.333328717	1500177
1	2010-07-24T12:21:43Z	45.202483667	-0.746830983	1493267
1	2010-07-15T04:09:15Z	44.724745941	5.03296136	1441698
1	2010-07-14T04:13:35Z	44.916842649	5.784218561	1436795
1	2010-07-13T03:33:55Z	45.664003665	6.429900217	1431949
1	2010-07-11T11:19:19Z	45.95037652	6.740224373	1423291
1	2010-07-11T03:45:31Z	46.130260017	6.516775058	1422219
1	2010-07-10T03:33:04Z	46.300467489	5.740870777	1414779
1	2010-07-08T05:53:44Z	48.419669031	3.016968297	1404455
1	2010-07-07T07:53:20Z	49.6100008243	3.8039731979	1399686
2	2010-10-21T00:03:50Z	34.0430230998	-118.2671570778	14637
2	2010-10-20T17:18:59Z	34.0172734606	-118.447508812	59838
2	2010-10-15T16:00:09Z	34.0172734606	-118.447508812	59838
2	2010-10-12T01:35:37Z	34.0172734606	-118.447508812	59838
2	2010-10-08T02:00:05Z	34.02476572	-118.32811021	1474903
2	2010-10-07T19:14:49Z	34.0308269167	-118.4686975833	335197
2	2010-10-07T00:29:04Z	34.0426141541	-118.2696247101	31248
2	2010-10-07T00:17:00Z	34.0172734606	-118.447508812	59838
2	2010-10-06T23:39:38Z	34.0303804344	-118.4662628174	2781866
2	2010-10-06T20:34:07Z	34.031481915	-118.46877458	1327534
4	2010-10-11T20:30:23Z	37.7826046833	-122.4076080167	14608
4	2010-10-02T18:58:55Z	37.7868705523	-122.4549742274	640452
4	2010-09-29T20:29:54Z	37.7826583333	-122.4063205667	166197
4	2010-09-15T19:41:45Z	37.7855207387	-122.3969757557	26645
4	2010-08-29T01:40:49Z	37.77985	-122.4944372333	102499
4	2010-08-24T01:49:35Z	37.778430867	-122.3893941	1582288
4	2010-08-24T01:47:16Z	37.7783555476	-122.3894011974	10677
4	2010-08-19T20:09:11Z	37.784282779	-122.4091100693	36365
4	2010-08-16T20:21:53Z	37.7854578538	-122.4128821943	260236
4	2010-08-15T01:03:46Z	39.3280367	-120.2401895	167388
4	2010-08-13T16:42:47Z	37.7864788714	-122.403563261	57155
10	2010-06-23T00:27:09Z	38.882612233	-94.781550683	1324128
10	2010-06-23T00:17:03Z	38.88516205	-94.78654706	1324105
10	2010-06-22T23:56:19Z	38.8791074333	-94.7603786333	66508
10	2010-06-20T23:40:52Z	38.8990072949	-94.782088995	435082
10	2010-06-20T20:29:54Z	38.910662603	-94.7645258904	139625
10	2010-06-20T19:58:30Z	38.885020783	-94.759336367	1231827
10	2010-06-20T19:28:57Z	38.9441707	-94.8499828333	826115
10	2010-06-20T17:22:34Z	38.9122162167	-94.76002395	54960
10	2010-06-20T02:52:30Z	38.8832589333	-94.7807334667	42004
10	2010-06-20T01:14:40Z	38.8939502833	-94.7627589667	39674
10	2010-06-19T22:58:32Z	38.89887338	-94.76351815	1302352
13	2010-06-26T22:28:17Z	41.373013783	-71.48612245	1200549
13	2010-06-26T22:28:06Z	41.3750528	-71.4886173333	153888
13	2010-06-26T18:25:26Z	41.4300742519	-71.4623308182	44795
13	2010-06-26T18:24:56Z	41.4260460667	-71.4598286167	46463
13	2010-06-26T18:24:38Z	41.42606225	-71.4595940833	46488
13	2010-06-26T17:30:31Z	41.45054316	-71.36025518	1343890
13	2010-06-26T16:54:54Z	41.53491	-71.280473	330300
13	2010-06-26T15:02:11Z	41.95879685	-70.6625161333	558803
13	2010-06-26T14:52:51Z	41.9595634667	-70.66207425	558823
13	2010-06-26T14:52:26Z	41.9580779502	-70.6621313095	15313
13	2010-06-26T12:26:36Z	42.40900361	-71.00136917	960075
18	2009-12-23T17:23:51Z	33.1376251269	-117.1891341384	26539
18	2009-12-22T17:07:49Z	33.1373149295	-117.1765797787	252059
18	2009-12-21T17:59:26Z	33.1376251269	-117.1891341384	26539
18	2009-12-19T21:14:00Z	33.1555023193	-117.3438415527	237120
18	2009-12-18T17:27:55Z	33.1376251269	-117.1891341384	26539
18	2009-12-18T04:08:40Z	33.1594781641	-117.3507320881	25748
18	2009-12-17T21:56:39Z	33.1374164337	-117.1834051609	157748
18	2009-12-17T16:41:24Z	33.1376251269	-117.1891341384	26539
18	2009-12-15T21:55:00Z	33.1376251269	-117.1891341384	26539
18	2009-12-15T17:08:28Z	33.1420981667	-117.1913958167	21255
18	2009-12-14T17:42:46Z	33.1376251269	-117.1891341384	26539
20	2010-09-28T10:43:20Z	60.1935107014	11.0982513428	66171
20	2010-09-28T10:42:50Z	60.1935107014	11.0982513428	66171
20	2010-09-26T23:10:30Z	40.7634210141	-73.9867480977	737000
20	2010-09-26T19:40:01Z	40.7630967931	-73.9811182022	93056
20	2010-09-26T17:54:36Z	40.6912468675	-74.1795158386	24963
20	2010-09-21T17:22:20Z	32.9749990145	-96.7152106762	23435
20	2010-09-17T18:27:16Z	30.66100715	-95.5106306	12893
20	2010-09-17T01:59:54Z	29.7576792231	-95.3644186156	408444
20	2010-09-11T23:22:59Z	33.0266672	-96.8406532333	80000
20	2010-09-09T17:56:16Z	32.98565955	-96.9124049833	37055
20	2010-09-09T17:55:57Z	32.9857860167	-96.91237055	488090
21	2010-06-14T04:01:18Z	33.8097343862	-117.9226773757	43701
21	2010-06-03T23:26:22Z	40.7317873406	-73.9890950918	70798
21	2010-05-27T19:47:54Z	33.6606068833	-117.7596361667	729536
21	2010-05-06T21:05:17Z	33.8035951106	-117.8891226829	608388
21	2010-05-04T22:58:59Z	33.6767760868	-117.886621356	232585
21	2010-05-04T02:15:07Z	33.6606068833	-117.7596361667	729536
21	2010-05-01T03:31:17Z	33.6779326667	-117.7994696167	178804
21	2010-04-27T03:27:00Z	33.64603575	-117.9193398667	438023
21	2010-04-26T22:26:54Z	33.69572935	-117.8902702	1001227
21	2010-04-23T01:58:08Z	33.6563084479	-117.9184648433	229762
21	2010-04-20T18:22:18Z	33.6606068833	-117.7596361667	729536
31	2010-08-22T01:31:41Z	30.2292597076	-97.8209245205	80272
31	2010-08-22T01:13:12Z	30.2282910167	-97.8243051333	24073
31	2010-08-21T18:19:26Z	30.2762482167	-97.7729394	30758
31	2010-08-20T21:53:21Z	30.2691029532	-97.7493953705	420315
31	2010-08-20T13:43:08Z	29.4257855333	-98.4862947333	11507
31	2010-08-20T00:06:51Z	29.4263570092	-98.490639925	192547
31	2010-08-19T23:23:15Z	29.4250954687	-98.4908437729	186235
31	2010-08-18T17:17:02Z	30.2691029532	-97.7493953705	420315
31	2010-08-16T23:00:22Z	30.3131165438	-97.6567304134	111604
31	2010-08-16T20:37:44Z	30.2679095833	-97.7493124167	21714
31	2010-08-15T20:05:36Z	30.2578254048	-97.8081786633	22192
32	2010-10-19T21:33:35Z	30.2370831965	-97.7948856354	200264
32	2010-10-19T03:34:52Z	30.250076915	-97.747402697	1504429
32	2010-10-18T23:12:30Z	30.25087565	-97.74911095	37571
32	2010-10-18T03:18:42Z	30.2444426402	-97.7519488335	13299
32	2010-10-17T20:12:37Z	30.2462870491	-97.7511441708	1603322
32	2010-10-17T00:37:09Z	30.260346957	-97.74020115	2262800
32	2010-10-16T04:51:18Z	30.2614426833	-97.7428117	690226
32	2010-10-15T23:13:22Z	30.2623824017	-97.7423708139	480648
32	2010-10-15T22:20:56Z	30.2611033167	-97.7419636667	1078807
32	2010-10-15T16:13:28Z	30.2620048281	-97.7416920662	20063
34	2010-09-06T13:30:25Z	40.744096518	-73.984549567	3225874
34	2010-09-06T12:27:36Z	40.6438845363	-73.7828063965	23261
34	2010-09-06T10:33:05Z	43.6472632791	-70.309946537	13073
34	2010-09-06T00:28:48Z	44.286219519	-69.790076107	2359382
34	2010-09-05T19:03:12Z	44.411941309	-70.795654743	3189164
34	2010-09-04T18:54:20Z	44.759606874	-69.592870612	3120373
34	2010-09-04T15:15:50Z	44.274074163	-69.941820954	2962965
34	2010-09-04T01:16:55Z	43.6562836902	-70.2519035339	908749
34	2010-09-04T00:09:22Z	43.6546285667	-70.2574272667	383985
34	2010-09-03T22:05:39Z	43.6680074231	-70.2802652121	166543
34	2010-09-03T21:47:03Z	43.65665577	-70.2526581801	547108
35	2010-10-21T22:13:39Z	33.0795353146	-96.8230676651	29242
35	2010-10-21T14:08:12Z	33.0776890071	-96.8210721016	41330
35	2010-10-20T15:16:04Z	33.07141745	-96.8210360333	111304
35	2010-10-20T15:00:49Z	33.0994306	-96.8242138	1077271
35	2010-10-19T13:40:56Z	33.0776890071	-96.8210721016	41330
35	2010-10-19T13:40:41Z	33.0774003167	-96.8212823	801986
35	2010-10-19T00:17:56Z	33.1746157333	-96.8412831667	692233
35	2010-10-18T22:55:37Z	33.1727251114	-96.8166732788	178580
35	2010-10-18T22:55:25Z	33.17258325	-96.81775515	819799
35	2010-10-18T17:45:46Z	33.0640898167	-96.7976650667	41500
36	2009-12-20T23:22:45Z	47.6249912833	-122.3566551333	202312
36	2009-12-18T22:58:49Z	47.6072619167	-122.3386606667	214179
36	2009-12-17T04:00:19Z	47.6245763	-122.3560304	70571
36	2009-12-16T23:15:26Z	47.6108429915	-122.3355424404	61412
36	2009-12-16T07:09:38Z	47.6237337526	-122.3579926018	135618
36	2009-12-16T05:06:03Z	47.664101346	-122.3819127233	165433
36	2009-12-14T08:31:50Z	47.6248311833	-122.3567748	11032
37	2010-02-27T23:11:35Z	39.7639171421	-86.1555147171	39412
37	2010-02-27T21:42:36Z	39.767080675	-86.1591176361	195428
39	2010-04-14T19:10:24Z	37.6163560649	-122.3861503601	19542
39	2010-02-21T02:18:24Z	39.2401468471	-119.9417734248	270037
39	2010-02-20T20:46:10Z	38.9609688514	-119.885559082	201028
39	2010-02-14T01:30:45Z	37.8057830213	-122.4205470085	10570
39	2010-02-11T01:05:22Z	40.7594201588	-73.9830281097	352264
39	2010-02-10T18:17:14Z	40.7691708833	-73.98161	116677
39	2010-02-05T19:49:24Z	51.5165589963	-0.1368870254	68231
39	2010-01-27T02:18:42Z	33.69007313	-117.8764525	244414
39	2010-01-26T18:58:39Z	34.021460578	-118.4954105619	456945
39	2010-01-21T02:46:01Z	37.7914050034	-122.4120283127	123999
39	2010-01-20T03:01:45Z	37.79054421	-122.40400296	26086
48	2010-03-20T00:07:22Z	33.7586877588	-84.34882164	104021
48	2010-03-16T04:21:27Z	30.2686964002	-97.7456147969	9313
48	2010-03-16T02:45:52Z	30.2621994311	-97.7390956879	9254
48	2010-03-15T14:57:32Z	30.265294493	-97.7385485172	9247
48	2010-03-14T19:16:11Z	30.266996	-97.7442669	671812
48	2010-03-14T16:02:19Z	30.265294493	-97.7385485172	9247
48	2010-03-14T15:17:57Z	30.2645797809	-97.7388015919	701133
48	2010-03-14T07:47:28Z	30.26780605	-97.74154185	9222
48	2010-03-14T03:00:05Z	30.2580106167	-97.7397394167	9256
48	2010-03-13T23:06:58Z	30.2639879069	-97.7419361472	9460
48	2010-03-13T22:02:51Z	30.2638859739	-97.7379798889	9382
49	2010-09-15T01:11:21Z	38.969016773	-94.6081697174	20571
49	2010-09-14T23:05:56Z	38.9734894	-94.6077104167	21924
49	2010-08-18T17:33:01Z	39.0447032167	-94.6188976333	1988944
49	2010-08-11T02:10:33Z	39.01388555	-94.5885548239	986675
49	2010-07-24T00:55:33Z	39.0572166	-94.60703965	83317
49	2010-07-19T23:37:35Z	38.91129785	-94.7688343333	20112
49	2010-07-08T00:02:45Z	38.9716797721	-95.2358114719	24717
49	2010-06-11T21:46:26Z	39.175586365	-76.66929245	895596
49	2010-06-08T00:18:26Z	39.2839166951	-76.5859776735	722323
49	2010-06-07T18:02:42Z	39.2859113167	-76.6134364	148240
51	2010-04-11T15:56:13Z	37.25714409	-107.07600766	921671
51	2010-04-11T01:26:47Z	37.28307215	-109.5588492	918090
51	2010-04-10T15:52:06Z	35.0658203667	-109.7822462	467713
51	2010-04-10T05:09:50Z	35.5409206667	-108.6083499833	909054
51	2010-04-10T01:02:54Z	35.0759570432	-106.5877890587	443471
51	2010-04-09T20:19:28Z	35.1908315833	-102.0657147833	905920
51	2010-04-09T15:36:56Z	35.8738148333	-97.4244698333	838437
51	2010-04-03T21:19:23Z	39.05274305	-94.6036108667	34087
51	2010-03-27T04:14:36Z	45.5221859167	-102.4643602	803771
51	2010-03-20T19:46:49Z	39.05274305	-94.6036108667	34087
51	2010-03-19T03:35:42Z	39.05274305	-94.6036108667	34087
52	2010-10-21T15:43:19Z	30.2015573297	-97.6671266556	9410
52	2010-10-21T10:54:55Z	38.9523338696	-77.4479484558	12802
52	2010-10-19T08:43:14Z	-34.119453217	18.390906633	5778967
52	2010-10-15T08:58:15Z	-34.10239541	18.48001921	5509451
52	2010-10-07T19:45:22Z	38.9523338696	-77.4479484558	12802
52	2010-10-07T15:34:28Z	30.2015573297	-97.6671266556	9410
52	2010-10-07T01:31:09Z	30.3237125167	-97.7274703833	24986
52	2010-10-06T12:54:33Z	30.2015573297	-97.6671266556	9410
52	2010-10-06T11:04:50Z	32.8974616458	-97.040348053	10259
52	2010-10-06T05:06:19Z	37.6163560649	-122.3861503601	19542
52	2010-10-06T04:01:42Z	37.4383424167	-122.15767305	166319
68	2009-10-02T17:46:18Z	33.378813431	-86.8090724945	34482
68	2009-09-29T18:01:26Z	33.7690912833	-86.8142418667	31937
68	2009-09-28T17:33:20Z	33.6502873167	-86.8176957	26573
68	2009-09-28T17:23:59Z	33.6514598167	-86.8215006333	27015
68	2009-09-26T20:27:34Z	33.6768382833	-86.8212205667	29832
69	2010-10-20T01:47:05Z	28.3872285337	-81.4924407005	312303
69	2010-10-20T01:46:46Z	28.3875494505	-81.4930844307	589694
69	2010-10-20T00:53:02Z	28.3709891136	-81.547306627	582694
69	2010-10-20T00:52:31Z	28.3706166167	-81.54684875	891071
69	2010-10-19T23:48:37Z	28.3718139468	-81.5494000912	1122866
69	2010-10-19T23:48:07Z	28.3716251444	-81.5493893623	5105013
69	2010-10-19T23:47:19Z	28.370592625	-81.5470142663	1123925
69	2010-10-19T23:47:00Z	28.3708269333	-81.54702875	650212
69	2010-10-19T23:12:23Z	28.3705186833	-81.5469431833	14686
69	2010-10-19T23:11:49Z	28.3676885366	-81.5481448174	14573
69	2010-10-19T23:11:21Z	28.3684028333	-81.5474620167	582857
69	2010-10-19T23:10:50Z	28.371400941	-81.5475788713	14568
69	2010-10-19T22:48:25Z	28.3699353474	-81.5464282036	14571
69	2010-10-19T22:47:25Z	28.3698409446	-81.5494537354	582787
69	2010-10-19T22:46:25Z	28.3704073605	-81.5520823002	14586
69	2010-10-19T22:46:04Z	28.3698031834	-81.5531659126	243909
69	2010-10-19T22:45:41Z	28.3678773461	-81.5493679047	14574
69	2010-10-19T22:45:25Z	28.3688166682	-81.5530318022	3530357
69	2010-10-19T22:45:09Z	28.3689747944	-81.552734077	14584
69	2010-10-19T22:44:52Z	28.3730694746	-81.5477585793	14567
69	2010-10-19T22:44:30Z	28.3675752508	-81.5505373478	14676
69	2010-10-19T22:44:17Z	28.3680189529	-81.551964283	4950518
69	2010-10-19T22:43:57Z	28.3684532129	-81.5515780449	1085550
69	2010-10-19T22:43:39Z	28.3681794405	-81.5517282486	14581
69	2010-10-19T21:24:10Z	28.3726281536	-81.5509772301	1204755
69	2010-10-19T21:23:17Z	28.3737137529	-81.5493893623	383666
69	2010-10-19T21:22:44Z	28.3739096316	-81.5522217751	213700
69	2010-10-19T20:45:11Z	28.3682455236	-81.5470612049	14572
69	2010-10-19T20:44:37Z	28.3748724999	-81.5478444099	52794
69	2010-10-19T20:44:02Z	28.37058625	-81.5466304	31953
69	2010-10-19T20:43:31Z	28.3739568312	-81.5516638756	622791
69	2010-10-19T20:27:45Z	28.3728169543	-81.5507787466	941371
69	2010-10-19T20:26:18Z	28.3735886735	-81.5524148941	28444
69	2010-10-19T20:25:42Z	28.3740134707	-81.5490889549	582283
69	2010-10-19T20:23:48Z	28.3716888333	-81.55171495	520482
71	2009-10-25T03:18:11Z	39.0411052333	-94.5915298	23355
71	2009-10-25T03:16:58Z	39.0406858333	-94.5915378667	23354
71	2009-10-24T18:43:21Z	38.9630377535	-95.2463686466	12371
71	2009-10-24T01:59:55Z	39.1726352013	-94.4924982016	59856
71	2009-10-19T03:13:03Z	39.2974431129	-94.716053009	8977
71	2009-10-19T03:12:49Z	39.2974431129	-94.716053009	8977
71	2009-10-19T03:12:01Z	39.2974431129	-94.716053009	8977
71	2009-10-18T23:29:12Z	33.9435379571	-118.4071683884	10190
71	2009-10-18T20:28:05Z	38.6552452833	-121.52575855	431308
71	2009-10-18T04:17:03Z	38.728749306	-120.8017322361	52363
71	2009-10-18T04:07:57Z	38.7295240771	-120.800843561	52356
71	2009-10-18T03:31:27Z	38.7288711237	-120.8014211101	52331
71	2009-10-18T03:05:37Z	38.7288971154	-120.8013000056	52309
71	2009-10-18T02:42:37Z	38.7286302642	-120.8017579016	52280
71	2009-10-18T02:06:14Z	38.728263855	-120.8026428223	52246
71	2009-10-17T03:42:11Z	38.2861697565	-122.1072901401	50788
71	2009-10-16T19:06:38Z	38.2392756094	-122.0788657665	24187
71	2009-10-16T18:25:58Z	38.259921774	-122.0582903551	49991
71	2009-10-16T00:46:07Z	38.3021771734	-122.2833020729	49283
71	2009-10-14T01:38:40Z	39.0528237667	-94.59031105	8938
71	2009-10-05T17:53:56Z	39.0425133667	-94.5876288333	9189
71	2009-10-05T17:50:41Z	39.0436208167	-94.5870482833	25382
71	2009-10-02T17:14:40Z	39.0403775167	-94.5931757167	27376
72	2010-08-23T13:56:28Z	51.503224133	-0.118756367	1831422
72	2010-08-23T13:55:14Z	51.5027723145	-0.1193153858	93039
72	2010-08-23T13:52:44Z	51.5033065875	-0.1194870472	20995
72	2010-08-23T13:50:47Z	51.5033065875	-0.1194870472	20995
72	2010-08-23T13:47:00Z	51.5037406797	-0.1183068752	953593
72	2010-07-30T13:55:11Z	51.5118111833	-0.1181115167	460337
72	2010-07-30T13:54:58Z	51.51076358	-0.11850875	558617
72	2010-07-30T13:54:45Z	51.51170403	-0.1182010453	397591
72	2010-07-30T13:54:34Z	51.51124548	-0.11837339	290896
72	2010-07-30T13:54:13Z	51.51138263	-0.11807167	755231
72	2010-07-30T13:52:46Z	51.5110127782	-0.1172876358	29383
72	2010-07-30T12:48:33Z	51.51187145	-0.12703484	872677
72	2010-07-30T12:47:50Z	51.5118455805	-0.1270429981	164418
72	2010-07-30T12:47:39Z	51.5115052	-0.1261252667	605167
72	2010-07-30T12:47:11Z	51.5118181491	-0.1270214259	229248
72	2010-07-30T12:47:00Z	51.5116585614	-0.1260591745	944694
72	2010-07-30T12:46:42Z	51.51176525	-0.1269656167	289221
72	2010-07-30T12:46:29Z	51.5117507833	-0.1269555	968040
72	2010-07-30T12:46:16Z	51.51173257	-0.12656706	583677
72	2010-07-30T12:39:16Z	51.51164335	-0.12821668	1285735
72	2010-07-30T12:39:01Z	51.51127356	-0.1283558	552467
72	2010-07-30T12:38:18Z	51.5115394988	-0.1283506913	1266533
72	2010-07-30T12:38:07Z	51.5115887	-0.1282626	324094
81	2009-10-04T23:09:24Z	39.0519042333	-94.5931590167	37144
81	2009-10-03T00:53:23Z	38.9695694151	-95.2357363701	34969
81	2009-10-02T17:35:18Z	37.6163560649	-122.3861503601	19542
81	2009-10-02T03:33:00Z	37.7594428916	-122.4215018749	34091
81	2009-10-02T03:31:30Z	37.7594765667	-122.42114205	15909
81	2009-09-30T18:06:22Z	37.7613111167	-122.4259584667	24158
81	2009-09-29T20:46:44Z	37.9718326833	-122.5241842167	32057
81	2009-09-29T02:22:32Z	37.7626919667	-122.3960423333	15031
81	2009-09-28T22:20:48Z	37.75671195	-122.41872295	17442
81	2009-09-26T21:43:07Z	37.759688872	-122.4271774292	9153
81	2009-09-26T21:43:01Z	37.759688872	-122.4271774292	9153
81	2009-09-26T02:47:01Z	37.7539359667	-122.4209198833	19109
81	2009-09-25T19:03:35Z	37.7765811016	-122.4247473478	17475
81	2009-09-23T02:37:15Z	37.7659535333	-122.40668535	14998
82	2010-10-20T03:36:45Z	37.7907800667	-122.3891674333	33198
82	2010-10-19T22:13:58Z	37.7939993574	-122.3959887028	77346
82	2010-10-19T17:08:18Z	37.4860199222	-122.2299277782	187719
82	2010-10-19T01:19:40Z	37.5686813362	-122.3243844509	1242618
82	2010-10-18T19:38:28Z	37.5363449238	-122.3000331514	319728
82	2010-10-18T15:44:41Z	37.5336492833	-122.33711215	175415
82	2010-10-17T14:37:22Z	37.7643547167	-122.4659606333	54263
82	2010-10-17T12:56:30Z	37.7886325048	-122.4066531658	46945
82	2010-10-16T16:10:46Z	37.426615702	-122.1727752686	101710
82	2010-10-16T02:06:29Z	37.4448959833	-122.1611940167	37359
127	2009-12-31T19:33:57Z	39.1514507392	-94.4852691324	261233
127	2009-12-29T22:30:54Z	39.1694888167	-94.5982498167	178563
127	2009-12-29T21:02:05Z	39.1697558075	-94.5981431007	210258
127	2009-12-24T02:21:37Z	39.0868341833	-94.5861911667	14874
127	2009-12-23T23:48:05Z	39.1697558075	-94.5981431007	210258
127	2009-12-23T19:21:15Z	39.0410957	-94.585632	103664
127	2009-12-21T21:18:50Z	39.1697558075	-94.5981431007	210258
127	2009-12-21T21:06:58Z	39.1694888167	-94.5982498167	178563
127	2009-12-21T00:09:34Z	39.2623512167	-94.5769387667	243670
127	2009-12-20T02:31:44Z	39.1697558075	-94.5981431007	210258
127	2009-12-18T21:24:25Z	39.1697558075	-94.5981431007	210258
127	2009-12-16T20:20:30Z	39.1697558075	-94.5981431007	210258
127	2009-12-16T19:08:16Z	39.1694888167	-94.5982498167	178563
127	2009-12-14T22:02:52Z	39.1697558075	-94.5981431007	210258
127	2009-12-14T21:56:50Z	39.1694888167	-94.5982498167	178563
128	2010-08-15T17:27:10Z	39.1917862889	-120.2483224869	21038
128	2010-07-24T16:55:12Z	37.4390848	-122.15890815	44400
128	2010-07-23T20:49:05Z	37.7827856131	-122.3883811939	632116
128	2010-07-14T03:21:04Z	42.197959567	-122.715117388	1181543
128	2010-07-12T17:32:55Z	42.910455133	-122.1425333	1241389
128	2010-07-06T01:27:15Z	37.4535080333	-122.1843846333	225298
128	2010-06-30T20:52:51Z	37.448201855	-122.1596489148	45793
128	2010-06-30T18:49:57Z	37.44678345	-122.1600368	28483
128	2010-06-23T03:15:00Z	37.4440991833	-122.1631672167	79056
128	2010-06-19T03:04:08Z	37.4435347406	-122.1682369709	24212
128	2010-06-17T22:18:42Z	37.79199615	-122.4006478667	469198
122	2010-09-16T16:42:09Z	32.9023187833	-96.4554882	226417
122	2010-09-16T01:02:57Z	32.7515678196	-97.0830059052	9362
122	2010-09-15T17:02:09Z	32.8957204333	-96.4696214833	998353
122	2010-09-15T16:05:16Z	32.918158891	-96.424314582	3452791
122	2010-09-14T22:43:25Z	32.8889042667	-96.4713706167	41956
122	2010-09-14T18:15:38Z	32.918158891	-96.424314582	3452791
122	2010-09-14T16:48:51Z	32.8892710499	-96.4729090689	524884
122	2010-09-13T14:49:51Z	32.918158891	-96.424314582	3452791
122	2010-09-12T01:47:13Z	32.79443514	-96.80326193	3561770
122	2010-09-10T22:01:26Z	32.9108874813	-96.4482321328	899690
122	2010-09-10T17:35:21Z	32.90708525	-96.41745905	838529
122	2010-09-10T16:22:35Z	32.918158891	-96.424314582	3452791
122	2010-09-09T23:04:44Z	32.877513179	-96.483866427	3417606
122	2010-09-09T19:09:15Z	30.4344750394	-97.7500071717	940314
122	2010-09-09T17:04:25Z	30.4487754199	-97.7877509594	160657
122	2010-09-09T13:07:40Z	30.4344750394	-97.7500071717	940314
122	2010-09-09T00:54:19Z	30.255337127	-97.7626669407	43638
123	2010-08-06T23:17:04Z	37.4574535167	-122.1318668667	215896
123	2010-07-12T06:34:07Z	37.4574535167	-122.1318668667	215896
123	2010-04-02T02:59:42Z	40.7343328	-73.9929752833	144928
123	2010-03-23T09:16:47Z	37.4574535167	-122.1318668667	215896
123	2010-03-15T00:36:18Z	37.4574535167	-122.1318668667	215896
123	2010-02-28T05:19:01Z	34.0765143825	-118.429312706	315821
123	2010-02-10T07:07:32Z	37.4574535167	-122.1318668667	215896
123	2009-12-16T03:52:16Z	37.4574535167	-122.1318668667	215896
123	2009-10-15T02:00:34Z	37.4615485442	-122.1367478371	33186
124	2010-10-20T19:00:45Z	37.4178905947	-122.0255327225	9542
124	2010-10-19T20:04:48Z	37.7950930284	-122.3983490467	132941
124	2010-10-19T01:13:12Z	37.449813867	-122.118847	1480075
124	2010-10-15T20:22:38Z	37.7519909949	-122.4209466577	26800
124	2010-10-15T17:17:59Z	37.78246735	-122.38804595	407241
124	2010-10-15T17:08:05Z	37.7947994405	-122.4001574802	149355
124	2010-10-15T03:09:33Z	37.80710935	-122.4456310167	10143
124	2010-10-15T01:13:11Z	37.7870581073	-122.4110745852	43627
124	2010-10-14T20:45:33Z	37.3879463333	-121.9635878333	23208
124	2010-10-14T19:16:03Z	37.4535173937	-122.1823775768	21331
124	2010-10-14T01:59:21Z	37.66304171	-122.40021151	1297850
124	2010-10-13T23:07:27Z	37.4448394667	-122.16142415	9175
119	2009-12-20T20:07:51Z	26.19147165	-80.1386757833	114035
119	2009-12-20T18:52:02Z	26.1666341167	-80.1379609333	139078
119	2009-12-20T17:54:38Z	26.1666381848	-80.154804357	146417
119	2009-12-20T17:22:55Z	26.1668968574	-80.1546256421	241394
119	2009-12-19T18:50:07Z	26.19147165	-80.1386757833	114035
119	2009-12-19T17:23:25Z	26.2031396333	-80.133175	235292
119	2009-12-17T16:01:51Z	26.19147165	-80.1386757833	114035
119	2009-12-17T14:52:18Z	26.165914707	-80.1658086745	222802
119	2009-12-16T18:17:15Z	26.19147165	-80.1386757833	114035
119	2009-12-16T17:17:56Z	26.1892355167	-80.1370132667	217915
119	2009-12-16T03:07:12Z	26.19147165	-80.1386757833	114035
119	2009-12-12T20:32:27Z	26.19147165	-80.1386757833	114035
119	2009-12-12T19:46:10Z	26.1905082167	-80.1344419333	114212
119	2009-12-12T18:48:14Z	26.1666341167	-80.1379609333	139078
119	2009-12-12T17:45:03Z	26.1626185333	-80.1166483	191891
119	2009-12-12T16:57:31Z	26.1664640485	-80.1309514046	199198
119	2009-11-29T20:52:14Z	26.19147165	-80.1386757833	114035
119	2009-11-29T17:31:21Z	26.1666381848	-80.154804357	146417
119	2009-11-22T02:27:00Z	26.19147165	-80.1386757833	114035
119	2009-11-21T17:03:36Z	26.1698149998	-80.1148688793	43376
119	2009-11-19T23:59:18Z	26.19147165	-80.1386757833	114035
120	2010-09-28T10:33:36Z	50.62337535	3.03522348	4576616
120	2010-09-25T12:11:20Z	50.63359791	3.06689625	4399459
120	2010-09-25T09:36:17Z	50.63879138	3.15017455	4390645
120	2010-09-22T16:52:17Z	50.6270876824	3.0323982239	38425
120	2010-09-05T10:43:44Z	50.6361183761	3.0640482903	26856
120	2010-09-05T10:42:19Z	50.635875064	3.068121379	3067129
120	2010-09-02T14:22:21Z	50.6361183761	3.0640482903	26856
120	2010-09-01T20:30:31Z	50.62903405	3.0360156833	909908
120	2010-09-01T20:29:58Z	50.63292896	3.02141189	734939
120	2010-09-01T20:29:43Z	50.6277486906	3.042822644	1015192
120	2010-09-01T20:29:04Z	50.629238329	3.036314249	27010
120	2010-07-25T08:37:47Z	50.6299401833	3.0349005167	567681
116	2010-01-10T03:47:20Z	30.391275054	-97.7484297752	224750
116	2010-01-09T21:23:04Z	30.5603947848	-97.6907515526	199700
116	2010-01-09T19:10:20Z	30.5572166774	-97.689871788	12043
116	2010-01-09T18:09:14Z	30.5562064833	-97.6878015667	51498
116	2010-01-09T17:13:54Z	30.4076913248	-97.7133786678	26919
116	2010-01-09T02:18:03Z	30.3911662	-97.74838685	12003
116	2010-01-09T00:36:46Z	30.3954950579	-97.7503663301	40778
116	2010-01-08T18:27:32Z	30.4145713182	-97.7466259042	22163
116	2010-01-08T16:30:48Z	30.4076913248	-97.7133786678	26919
116	2010-01-08T00:12:23Z	30.4177766161	-97.7031970024	64647
116	2010-01-07T23:36:19Z	30.4076913248	-97.7133786678	26919
116	2010-01-07T19:06:12Z	30.4077699756	-97.7132874727	10279
116	2010-01-07T18:52:42Z	30.4076913248	-97.7133786678	26919
116	2010-01-06T21:16:03Z	30.4076913248	-97.7133786678	26919
116	2010-01-06T05:23:46Z	30.3706522167	-97.7275386667	59935
112	2009-12-23T03:31:23Z	30.2663323362	-97.7448141575	9251
112	2009-12-23T02:31:01Z	30.2662349	-97.7451539333	33921
112	2009-12-22T19:34:19Z	30.2525429523	-97.7470135689	26910
112	2009-12-21T15:57:14Z	30.2525429523	-97.7470135689	26910
112	2009-12-21T00:24:24Z	30.27003765	-97.7509403167	13340
112	2009-12-21T00:19:18Z	30.2702612148	-97.7500927448	51856
112	2009-12-20T21:13:00Z	30.2698105017	-97.7489702462	42124
112	2009-12-20T01:01:40Z	30.2332913833	-97.79203175	14886
112	2009-12-20T00:34:31Z	30.2336566333	-97.7922395167	42970
112	2009-12-19T23:39:13Z	30.21298992	-97.83394241	238102
112	2009-12-19T19:05:52Z	30.2453787516	-97.780444622	21093
112	2009-12-19T18:34:39Z	30.2374375333	-97.7544353167	235837
112	2009-12-19T01:32:17Z	30.2386589424	-97.7551782131	27309
103	2010-02-06T20:12:09Z	48.5795794961	7.7517691255	59258
103	2010-02-05T12:02:56Z	48.5812377167	7.7484735333	194904
103	2010-02-04T12:29:47Z	48.5812377167	7.7484735333	194904
103	2010-02-02T17:37:43Z	48.5812377167	7.7484735333	194904
103	2010-02-01T20:55:51Z	48.5812377167	7.7484735333	194904
103	2010-01-31T13:07:52Z	52.511480633	13.401914835	484151
103	2010-01-30T20:39:38Z	52.5160056833	13.3940096167	76327
103	2010-01-28T20:44:01Z	48.5812377167	7.7484735333	194904
104	2010-10-18T01:26:36Z	37.4320087414	-122.2015553713	15445
104	2010-10-16T17:10:13Z	37.426615702	-122.1727752686	101710
104	2010-10-11T00:56:53Z	37.46749495	-122.4305699667	291491
104	2010-10-08T02:40:18Z	37.7981553167	-122.4062794	20473
104	2010-10-04T22:47:43Z	37.74767825	-122.4264130333	33867
104	2010-09-28T21:13:41Z	37.3799535356	-122.0709478855	232661
104	2010-09-28T01:12:54Z	37.7835366015	-122.4092173576	49466
104	2010-09-27T03:18:24Z	37.3664565757	-121.9263339043	33472
104	2010-09-26T01:54:54Z	34.055402183	-118.397495583	1654814
104	2010-09-23T02:58:32Z	37.7618010638	-122.4216667825	58476
104	2010-09-21T03:21:47Z	37.4441734	-122.1613075833	50778
104	2010-09-18T21:18:20Z	37.8758294215	-122.2586944699	515288
104	2010-09-18T06:11:40Z	37.7981553167	-122.4062794	20473
104	2010-09-16T02:54:07Z	37.41126075	-122.07127625	32663
104	2010-09-13T16:53:09Z	37.7958051775	-122.4032628536	76915
104	2010-09-13T02:44:20Z	37.4320087414	-122.2015553713	15445
104	2010-09-12T20:15:12Z	37.4535173937	-122.1823775768	21331
104	2010-09-11T17:21:40Z	37.7825967	-122.3884880833	36789
104	2010-09-05T22:06:08Z	37.4448394667	-122.16142415	9175
104	2010-09-04T21:57:42Z	37.8186130786	-122.3698374005	611316
104	2010-09-04T18:43:19Z	37.7948853167	-122.3927070667	397046
104	2010-09-04T03:27:57Z	37.7566352333	-122.41913055	42212
104	2010-09-04T01:15:45Z	37.7858259859	-122.4065190554	14710
104	2010-09-02T02:52:19Z	37.7815501667	-122.40456485	120799
104	2010-09-01T03:02:46Z	37.419372135	-122.145721339	1554192
104	2010-08-30T19:02:25Z	34.0831002333	-118.3386644833	147789
104	2010-08-30T06:43:19Z	34.055402183	-118.397495583	1654814
104	2010-08-25T04:19:37Z	37.3664565757	-121.9263339043	33472
104	2010-08-24T16:15:05Z	33.6791130406	-117.8612744808	22370
104	2010-08-22T19:34:20Z	37.4447383167	-122.1611783833	42780
104	2010-08-22T18:32:04Z	37.381438533	-122.176165418	2262613
104	2010-08-22T16:53:49Z	37.42958315	-122.25509225	29217
104	2010-08-22T02:05:19Z	37.7842569333	-122.4021577833	12808
104	2010-08-22T00:43:49Z	37.7571615333	-122.3883568667	40633
104	2010-08-21T22:46:00Z	37.759688872	-122.4271774292	9153
104	2010-08-20T02:17:11Z	37.7970002843	-122.4053654874	1187554
104	2010-08-20T01:38:52Z	37.7995614167	-122.4006181167	16887
104	2010-08-18T17:33:35Z	37.4448394667	-122.16142415	9175
104	2010-08-18T01:48:34Z	37.7868446758	-122.3939963363	20955
104	2010-08-15T06:19:03Z	34.0432405333	-118.2635521833	14635
104	2010-08-14T07:09:29Z	33.9904841246	-118.4649525583	86545
106	2010-03-18T01:14:11Z	30.2685191842	-97.7361774445	9227
106	2010-03-17T22:34:02Z	30.4015818147	-97.7265161276	11591
106	2010-03-17T02:37:02Z	30.2635709077	-97.7326261997	692344
106	2010-03-16T05:39:44Z	30.2686964002	-97.7456147969	9313
106	2010-03-16T05:39:29Z	30.268471	-97.744632	672328
106	2010-03-15T19:50:43Z	30.2672543395	-97.739444375	9249
106	2010-03-15T06:17:28Z	30.2663601354	-97.7427971363	9226
106	2010-03-15T05:15:38Z	30.2668906357	-97.7456858754	9223
106	2010-03-15T02:23:56Z	30.2685191842	-97.7361774445	9227
106	2010-03-14T22:45:13Z	30.2635153076	-97.7401685715	671920
106	2010-03-14T22:06:32Z	30.2636079743	-97.7395677567	9246
106	2010-03-13T21:28:47Z	37.7643567455	-122.4312322518	32233
106	2010-03-13T00:11:24Z	37.4157602871	-122.1525514126	14515
106	2010-03-06T06:34:05Z	37.7795577	-122.39790915	10349
106	2010-02-28T05:41:01Z	34.0765143825	-118.429312706	315821
106	2010-02-21T04:52:14Z	37.7842234243	-122.4032306671	36242
106	2010-02-20T07:11:26Z	37.7554646816	-122.4196887016	32615
106	2010-02-20T04:52:51Z	37.7824215609	-122.3925822973	15023
106	2010-02-17T17:01:56Z	37.7826046833	-122.4076080167	14608
106	2010-02-14T19:26:06Z	45.5222878167	-122.6816301167	61630
106	2010-02-06T04:18:55Z	37.7520167667	-122.4185514333	409512
106	2010-02-05T20:47:20Z	37.8721856589	-122.2692704201	68225
106	2010-02-04T03:15:51Z	37.8272301833	-122.2570721833	25227
106	2010-01-31T03:23:51Z	37.78576505	-122.4111161833	117038
106	2010-01-29T06:49:27Z	37.7646676783	-122.4229609966	33173
106	2010-01-27T06:18:04Z	37.7842007289	-122.4331321578	33236
106	2010-01-25T02:16:43Z	37.7887958278	-122.406958927	107497
106	2010-01-24T10:31:33Z	37.786564024	-122.4147896621	16165
106	2010-01-19T18:46:46Z	37.7770878167	-122.40837105	32870
106	2010-01-18T05:27:49Z	37.7595107484	-122.421233654	117220
106	2010-01-17T08:12:31Z	37.7714016804	-122.4373805523	400220
106	2010-01-16T04:50:57Z	37.7824215609	-122.3925822973	376443
106	2010-01-16T02:29:10Z	37.7854359476	-122.4039494991	380802
106	2010-01-09T20:25:35Z	37.75671195	-122.41872295	17442
106	2010-01-07T08:42:13Z	37.7841653	-122.4077217667	38719
106	2009-12-12T16:59:25Z	40.7458426539	-73.9882743359	28125
106	2009-12-12T08:40:42Z	37.6141838226	-122.389690876	150714
106	2009-12-05T09:16:00Z	37.7695454667	-122.4511944167	27981
106	2009-12-04T03:20:57Z	37.7878164208	-122.4074819684	92185
106	2009-12-04T03:17:20Z	37.784698261	-122.4076884985	9074
106	2009-12-03T06:32:58Z	37.8504905582	-122.2525033523	18391
106	2009-11-29T07:16:50Z	37.7720024	-122.4312092833	40606
106	2009-11-26T06:39:01Z	37.6969485667	-122.0744538833	91482
106	2009-11-21T06:17:07Z	37.8247770415	-122.3138004541	10130
106	2009-11-20T07:40:33Z	37.869831197	-122.2674129903	9120
106	2009-11-19T17:04:22Z	37.7826046833	-122.4076080167	14608
106	2009-11-16T17:01:45Z	37.7565550667	-122.4211692667	11559
106	2009-11-16T02:57:38Z	37.7825003496	-122.4326252381	20813
98	2009-12-20T01:52:06Z	30.2699606	-97.7498949	99231
98	2009-12-20T01:51:53Z	30.2697276667	-97.7490836833	161959
98	2009-12-20T01:51:21Z	30.2694087356	-97.7495884895	188353
98	2009-12-20T01:50:38Z	30.2694087356	-97.7495884895	188353
98	2009-12-20T01:49:58Z	30.2694221772	-97.7512802382	206497
98	2009-12-20T01:49:08Z	30.2700046561	-97.7540520005	160874
98	2009-12-20T01:48:57Z	30.2698376833	-97.7542214833	215056
98	2009-12-20T01:48:38Z	30.26985525	-97.7548456167	15654
98	2009-12-20T01:23:50Z	30.2644419707	-97.7702817321	24147
98	2009-12-20T01:15:21Z	30.26420115	-97.7708101167	15190
98	2009-12-20T01:12:13Z	30.2642272167	-97.77119595	54076
98	2009-12-20T01:11:55Z	30.2644628205	-97.7724865079	25892
98	2009-12-20T00:31:38Z	30.2663469167	-97.7711749	164726
98	2009-12-20T00:28:19Z	30.2647407333	-97.76956065	54049
98	2009-12-20T00:26:16Z	30.2643408333	-97.7675430333	85725
98	2009-12-20T00:23:54Z	30.2641349167	-97.76622615	18450
98	2009-12-19T23:59:55Z	30.26353985	-97.7622253	99005
99	2010-10-05T06:30:33Z	51.5204400704	-0.0916671753	4638886
99	2010-10-04T06:55:11Z	51.5204400704	-0.0916671753	4638886
99	2010-09-03T20:24:32Z	50.823378248	-0.138535006	2990500
99	2010-09-03T09:03:52Z	50.8235358815	-0.1383268833	2754275
99	2010-09-02T18:15:50Z	50.8248370043	-0.1391759845	95874
99	2010-09-02T16:33:16Z	50.8235358815	-0.1383268833	2754275
99	2010-05-17T14:34:50Z	51.5204400704	-0.0916671753	1104713
99	2010-05-08T11:13:51Z	51.38346344	-2.36176276	1082485
89	2009-10-17T15:44:34Z	32.8746776333	-96.7627393667	51228
89	2009-10-17T15:14:05Z	32.9342436667	-96.8396329833	11822
89	2009-10-17T12:59:14Z	32.9341696667	-96.8459211667	51042
89	2009-10-16T23:57:04Z	32.7752325568	-96.7561948299	21247
89	2009-10-16T17:39:54Z	32.7971865061	-96.7983269691	34519
89	2009-10-12T18:14:33Z	32.8654564649	-96.8063010946	45421
89	2009-10-11T03:14:16Z	32.8079009	-96.7979407167	43624
89	2009-10-11T00:09:09Z	32.7853533167	-96.7839505833	43423
89	2009-10-08T17:09:10Z	32.7967965333	-96.7968412667	20957
89	2009-10-07T23:04:09Z	32.7967965333	-96.7968412667	20957
89	2009-10-06T16:33:32Z	32.8533733667	-96.7682808	38444
89	2009-10-03T01:22:24Z	32.8225850833	-96.7877675333	16170
89	2009-10-03T00:15:34Z	32.78602365	-96.79871625	34917
114	2010-05-28T09:46:55Z	47.2371048407	-122.4031126499	35183
114	2010-05-26T23:44:49Z	47.6568147833	-122.6888921	579811
114	2010-05-26T01:45:42Z	47.6210404993	-122.6294803619	332444
114	2010-05-25T22:46:53Z	47.6092007333	-122.62759165	1171760
114	2010-05-25T17:55:04Z	47.4291081333	-122.8777573667	1170694
114	2010-05-25T06:55:33Z	47.7125869167	-122.5713185	275287
115	2010-07-22T14:22:50Z	39.1798446122	-76.6709661484	24767
115	2010-07-19T01:17:06Z	30.2677037551	-97.7492344379	65996
115	2010-07-19T01:16:31Z	30.2701179833	-97.7504964833	1464402
115	2010-07-17T20:44:24Z	30.2883584667	-97.7475459333	201197
115	2010-07-17T20:43:17Z	30.2882263099	-97.7468860054	741390
115	2010-07-17T20:41:46Z	30.28832455	-97.74815435	70019
115	2010-07-16T12:10:28Z	30.2673979674	-97.7493417263	10740
115	2010-07-16T00:38:04Z	30.2794862333	-97.7599647667	73407
115	2010-07-15T19:48:57Z	30.4025483167	-97.8539724667	430065
115	2010-07-14T17:16:09Z	30.2670273144	-97.7445030212	17831
115	2010-07-14T02:44:09Z	30.2673979674	-97.7493417263	10740
115	2010-07-13T23:17:02Z	30.33696005	-97.7388087	1038041
115	2010-07-13T23:16:43Z	30.3375019833	-97.7388664333	724708
115	2010-07-11T07:48:09Z	30.2673979674	-97.7493417263	10740
63	2010-07-03T20:24:40Z	37.7580678333	-122.3888325667	11450
63	2010-07-03T04:15:16Z	37.7873052265	-122.4032949785	45548
63	2010-07-03T01:49:57Z	37.796042559	-122.3942828178	19763
63	2010-07-01T22:34:37Z	37.7866139403	-122.3995528653	26709
63	2010-06-12T02:44:02Z	37.7776229167	-122.3924006	56355
63	2010-06-11T21:21:22Z	37.7842569333	-122.4021577833	12808
63	2010-06-10T02:42:30Z	37.796042559	-122.3942828178	19763
63	2010-06-06T00:24:00Z	37.7826046833	-122.4076080167	14608
63	2010-06-04T21:05:00Z	37.786599697	-122.4017822742	584194
63	2010-06-03T02:41:34Z	37.796042559	-122.3942828178	19763
63	2010-06-02T21:55:03Z	37.7826046833	-122.4076080167	14608
63	2010-05-26T04:17:28Z	37.78368075	-122.4050760269	162029
63	2010-05-25T07:14:30Z	37.7830278398	-122.4075651169	275678
63	2010-05-25T05:57:36Z	37.78514832	-122.4003635	1168344
63	2010-05-25T02:51:44Z	37.7880373938	-122.4406269953	114390
63	2010-05-22T05:02:52Z	37.78368075	-122.4050760269	162029
401	2009-12-23T01:10:01Z	30.4616886797	-97.7951055765	254046
401	2009-12-23T01:06:32Z	30.4575455167	-97.80936955	9568
401	2009-12-23T01:05:27Z	30.461784903	-97.8157330508	245943
401	2009-12-23T01:04:33Z	30.4620655316	-97.8159999847	44788
401	2009-12-23T00:35:09Z	30.4761614	-97.8166746667	111258
401	2009-12-22T23:59:45Z	30.4704437516	-97.8066444397	10030
401	2009-12-22T23:47:28Z	30.4310617027	-97.7517771721	214324
401	2009-12-22T23:46:58Z	30.4285824506	-97.7498781681	65086
401	2009-12-22T18:48:21Z	30.4267692263	-97.7405655384	18995
401	2009-12-22T04:42:34Z	30.4631711167	-97.7897018833	15969
401	2009-12-22T04:42:25Z	30.4635873667	-97.7884771167	183886
401	2009-12-22T03:05:04Z	30.4575455167	-97.80936955	9568
401	2009-12-20T21:33:07Z	30.4615184	-97.8167931	78966
401	2009-12-20T21:32:54Z	30.4620655316	-97.8159999847	44788
381	2010-08-27T19:21:34Z	33.0295084119	-96.8347286221	844522
381	2010-08-27T19:20:29Z	33.02706545	-96.83883368	330548
381	2010-08-27T19:20:19Z	33.02706545	-96.83883368	330559
381	2010-08-27T19:19:44Z	33.02706545	-96.83883368	330554
381	2010-08-26T16:14:17Z	30.0030391031	-95.5101156235	769629
381	2010-08-26T00:50:16Z	29.98133375	-95.5132577333	144965
381	2010-08-26T00:49:51Z	29.9813008833	-95.5132554333	144962
381	2010-08-26T00:49:34Z	29.9793047848	-95.5099332333	867267
381	2010-08-26T00:49:24Z	29.9788632667	-95.5122605667	145015
379	2010-07-27T19:50:42Z	55.6092325881	13.0011928082	46077
379	2010-07-27T19:50:33Z	55.6090507873	13.0020725727	141444
379	2010-07-27T19:50:19Z	55.6092325881	13.0011928082	46077
379	2010-07-27T19:50:09Z	55.6092325881	13.0011928082	46077
379	2010-07-27T19:50:01Z	55.6096386068	13.0036818981	618578
379	2010-07-27T19:49:52Z	55.6090992676	13.0012410879	1167218
379	2010-07-27T19:49:42Z	55.6092325881	13.0011928082	46077
379	2010-07-27T19:48:40Z	55.6090507873	13.0020725727	141444
379	2010-07-27T19:48:17Z	55.6086265822	13.0024695396	110200
379	2010-07-27T19:47:05Z	55.6092325881	13.0011928082	46077
379	2010-07-27T19:46:40Z	55.6092325881	13.0011928082	46077
358	2010-04-04T20:04:29Z	33.81854165	-116.4900714	174865
358	2010-04-04T18:01:49Z	33.8213578333	-116.5447385333	304617
358	2010-04-04T15:30:05Z	33.8010960848	-116.5388872285	149335
358	2010-04-04T15:29:46Z	33.8011622228	-116.5390527248	679730
358	2010-04-03T22:19:51Z	33.8010960848	-116.5388872285	149335
358	2010-04-03T22:19:40Z	33.8011622228	-116.5390527248	679730
358	2010-04-03T21:59:17Z	33.799503947	-116.520781517	165809
358	2010-04-03T15:51:02Z	33.8325413333	-116.54680885	141835
358	2010-04-03T03:12:29Z	33.8028150167	-116.53721125	306105
267	2010-02-13T15:34:00Z	30.25838725	-97.7876332667	31928
267	2010-02-13T15:33:16Z	30.2577631167	-97.7873799333	46528
267	2010-02-13T00:21:17Z	30.2576401333	-97.7595729833	16344
267	2010-02-12T14:54:36Z	30.2691029532	-97.7493953705	420315
267	2010-02-12T05:26:56Z	30.2686674434	-97.7505433559	18268
267	2010-02-12T02:36:07Z	30.2328100173	-97.7182924747	543993
267	2010-02-12T01:16:50Z	30.2695755256	-97.7495133877	18568
267	2010-02-11T23:09:54Z	30.2450661333	-97.7515263333	20922
267	2010-02-11T16:01:28Z	30.2691029532	-97.7493953705	420315
267	2010-02-11T15:42:37Z	30.2679095833	-97.7493124167	21714
267	2010-02-11T03:31:01Z	30.2015573297	-97.6671266556	9410
267	2010-02-10T23:12:08Z	37.6163560649	-122.3861503601	19542
267	2010-02-10T18:13:47Z	37.7864788714	-122.403563261	57155
267	2010-02-10T18:09:00Z	37.7858259859	-122.4065190554	14710
267	2010-02-10T17:27:19Z	37.7826046833	-122.4076080167	14608
267	2010-02-10T17:24:30Z	37.78329315	-122.4075285833	33631
267	2010-02-10T14:47:18Z	37.78594785	-122.4106178	202692
244	2010-04-11T02:28:27Z	33.6845884667	-117.1746820833	404446
244	2010-04-11T02:26:06Z	33.6811540667	-117.1728533	657382
244	2010-04-10T01:35:56Z	33.6841715333	-117.17502575	908086
244	2010-04-10T01:25:51Z	33.6855084	-117.1749864167	261775
244	2010-04-10T00:32:41Z	33.6833957833	-117.1743169167	82481
244	2010-04-10T00:32:23Z	33.6834057	-117.1743454333	82428
244	2010-04-10T00:32:08Z	33.6851311202	-117.1750793402	774211
244	2010-04-10T00:31:27Z	33.6836421333	-117.1743392833	900948
244	2010-04-10T00:31:12Z	33.6835531833	-117.1751474667	37372
244	2010-04-10T00:30:54Z	33.6836534	-117.1747264	53363
244	2010-04-10T00:30:38Z	33.6844837833	-117.1749177167	92348
244	2010-04-10T00:30:18Z	33.68456805	-117.17478975	53199
244	2010-04-10T00:29:54Z	33.6839759833	-117.1749633	51613
226	2010-03-21T18:37:30Z	32.91485708	-96.95954734	568415
226	2010-03-21T18:37:13Z	32.9161237333	-96.9560455	695443
226	2010-03-21T18:36:48Z	32.91551691	-96.95894622	530463
226	2010-03-21T18:36:26Z	32.91459882	-96.95823675	718530
226	2010-03-21T18:36:09Z	32.91459882	-96.95823675	730259
226	2010-03-21T18:35:55Z	32.91480886	-96.9581744	591486
226	2010-03-21T18:35:23Z	32.9179993167	-96.9591150833	632630
226	2010-03-21T02:55:44Z	32.9252527084	-97.0858946443	9722
226	2010-03-21T02:55:28Z	32.9240403833	-97.0762336	553517
226	2010-03-21T02:55:11Z	32.9244597667	-97.07647885	89578
226	2010-03-21T02:54:50Z	32.9182891846	-97.083438244	104511
218	2010-06-24T00:15:01Z	35.53684949	-97.51375216	1083622
218	2010-06-24T00:14:45Z	35.53268331	-97.51356238	1166818
218	2010-06-24T00:12:38Z	35.4925221733	-97.5080139165	825592
218	2010-06-24T00:12:14Z	35.4928397277	-97.5132644176	59761
218	2010-06-24T00:07:15Z	35.362832267	-97.4957549572	94426
218	2010-06-24T00:02:25Z	35.3253820167	-97.4927354833	280881
218	2010-06-23T23:59:42Z	35.293276	-97.4903941	66033
218	2010-06-23T23:56:23Z	35.2269419557	-97.4854863371	752848
218	2010-06-23T23:56:03Z	35.2248479709	-97.4854403736	299397
218	2010-06-23T23:54:39Z	35.21855443	-97.49486911	486703
218	2010-06-23T23:54:13Z	35.2127612	-97.497910133	1238721
209	2010-04-04T01:02:44Z	30.3004453226	-97.7196979523	68425
209	2010-04-03T20:58:12Z	30.2912048579	-97.7044790983	191621
209	2010-04-03T20:55:40Z	30.2895293833	-97.70434685	256027
209	2010-04-03T18:46:39Z	30.2912431068	-97.7051075876	132921
209	2010-04-03T16:58:58Z	30.27522545	-97.7421672	631258
209	2010-04-03T14:33:07Z	30.2920895717	-97.7026391029	71557
209	2010-04-03T13:58:43Z	30.2912431068	-97.7051075876	132921
209	2010-04-02T23:23:28Z	30.2912431068	-97.7051075876	132921
209	2010-04-02T19:33:16Z	30.204936134	-97.7157738429	745684
193	2010-08-12T22:49:36Z	39.0455109802	-94.5800971985	146490
193	2010-08-12T22:36:08Z	39.0532276	-94.59166026	1462137
193	2010-08-12T22:35:46Z	39.0528182099	-94.5914697647	1157949
193	2010-08-08T11:38:38Z	39.0839744667	-94.5775573167	18888
193	2010-08-08T11:38:22Z	39.085386101	-94.579454963	1504288
193	2010-08-08T11:37:39Z	39.0915086	-94.5784945	55327
193	2010-08-08T11:37:23Z	39.091558053	-94.5811164379	918454
193	2010-08-08T11:37:13Z	39.08885155	-94.581061933	1441139
193	2010-08-08T11:37:00Z	39.091002	-94.579471	1150157
193	2010-08-08T11:36:44Z	39.089526	-94.579722	1570498
193	2010-08-08T11:35:52Z	39.0944988333	-94.58071725	35300
193	2010-08-08T11:35:33Z	39.0927960523	-94.5906193835	219215
193	2010-08-08T11:35:09Z	39.0937147316	-94.5890450478	1049316
193	2010-08-08T11:34:43Z	39.0934774169	-94.5897424221	1225127
193	2010-08-08T11:34:29Z	39.09280961	-94.59312367	792880
193	2010-08-08T11:34:15Z	39.0930652369	-94.5900964737	37178
193	2010-08-02T15:15:41Z	38.8979376667	-94.7426296667	221118
193	2010-08-01T20:00:40Z	38.87185975	-99.32856225	1289811
191	2010-03-24T21:24:16Z	37.7870498294	-122.403734164	39662
191	2010-03-24T18:05:30Z	37.7870498294	-122.403734164	39662
191	2010-03-24T16:50:53Z	37.786591218	-122.403858304	152880
191	2010-03-24T16:27:22Z	37.7864788714	-122.403563261	57155
191	2010-03-23T19:18:21Z	37.7858663054	-122.4024005482	693413
191	2010-03-22T16:05:35Z	37.7864788714	-122.403563261	57155
191	2010-03-22T04:14:53Z	37.5893837214	-122.3774009943	697107
191	2010-03-21T07:04:15Z	37.5893837214	-122.3774009943	697107
191	2010-03-21T02:58:07Z	37.5624766667	-122.31912935	129785
191	2010-03-19T20:33:27Z	37.786591218	-122.403858304	152880
191	2010-03-19T20:32:58Z	37.7864788714	-122.403563261	57155
191	2010-03-19T15:33:01Z	37.7849695949	-122.4070286751	43631
191	2010-03-19T14:55:46Z	37.6006922333	-122.3868310833	48104
191	2010-03-19T05:54:33Z	37.5893837214	-122.3774009943	697107
191	2010-03-19T04:46:45Z	37.5951292	-122.38593735	683572
185	2010-09-13T23:20:46Z	41.087437103	-111.983533011	2158368
185	2010-09-13T23:20:29Z	41.0899648718	-111.9826755087	518430
185	2010-09-13T23:20:07Z	41.09013656	-111.979372299	2158431
185	2010-09-13T23:19:57Z	41.0857863824	-111.9729700685	543752
185	2010-09-11T20:34:03Z	41.08493542	-111.98420929	1398938
185	2010-09-11T20:33:51Z	41.0861361273	-111.9832885265	505698
185	2010-09-11T20:33:39Z	41.089158939	-111.974122503	3445798
185	2010-09-11T20:33:29Z	41.089026832	-111.974551111	3445789
185	2010-09-11T20:33:22Z	41.0860830545	-111.9812715054	3419538
185	2010-09-11T20:33:14Z	41.0907309667	-111.9815223167	505720
185	2010-09-11T20:32:59Z	41.09013656	-111.979372299	2158431
185	2010-09-11T20:32:45Z	41.0857863824	-111.9729700685	543752
180	2010-04-30T04:35:41Z	30.2798881558	-97.7198159695	22535
180	2010-04-29T18:59:22Z	30.3011968676	-97.739194894	20345
180	2010-04-29T00:37:28Z	30.2798881558	-97.7198159695	22535
180	2010-04-28T16:53:36Z	30.3073646792	-97.7399325371	9430
180	2010-04-28T00:48:20Z	30.2798881558	-97.7198159695	22535
180	2010-04-27T01:22:24Z	30.2798881558	-97.7198159695	22535
180	2010-04-26T03:42:18Z	30.2798881558	-97.7198159695	22535
180	2010-04-24T02:43:37Z	30.2654149575	-97.745500803	13576
180	2010-04-24T02:06:49Z	30.277358743	-97.7425718307	57955
180	2010-04-23T23:43:58Z	30.4655917167	-97.7945457833	906584
177	2009-12-21T17:44:58Z	37.7789217667	-122.3922325167	96626
177	2009-12-21T17:44:42Z	37.7785675455	-122.3925447464	33772
177	2009-12-21T17:44:04Z	37.7779061101	-122.3910748959	40128
177	2009-12-21T17:43:27Z	37.77790545	-122.39157915	11112
177	2009-12-21T17:43:13Z	37.7785253353	-122.3923249279	53598
177	2009-12-21T17:42:56Z	37.7784258881	-122.3921848418	40995
177	2009-12-21T17:42:40Z	37.778313148	-122.3920083046	56356
177	2009-12-21T17:42:21Z	37.7776229167	-122.3924006	56355
177	2009-12-21T17:41:50Z	37.7775584302	-122.3927593231	35889
177	2009-12-21T16:13:08Z	37.7756928026	-122.3942506313	36459
177	2009-12-21T16:12:48Z	37.776422099	-122.3943257332	16947
177	2009-12-21T16:12:26Z	37.7751161445	-122.393424511	70908
170	2009-08-02T04:34:04Z	37.7854359476	-122.4039494991	19199
170	2009-07-28T01:14:29Z	37.97779365	-122.0339323333	18366
170	2009-07-28T01:14:02Z	37.9779665772	-122.0334586501	18365
170	2009-07-19T22:30:34Z	37.7824215609	-122.3925822973	15023
170	2009-07-14T21:56:02Z	37.8308987667	-122.2858713833	15742
170	2009-07-14T21:48:05Z	37.8326897743	-122.2828772664	10374
170	2009-07-14T21:40:51Z	37.8349373864	-122.2922515869	9380
170	2009-05-05T01:36:02Z	36.2538945574	-120.2372181416	12548
170	2009-04-09T23:50:48Z	32.7117598	-117.15646505	10868
170	2009-04-09T23:13:58Z	32.7070090903	-117.157087326	10863
170	2009-04-09T23:11:42Z	32.7070090903	-117.157087326	10863
171	2010-09-29T16:15:28Z	30.2827417739	-97.7381837368	33856
171	2010-09-25T20:03:08Z	30.1605178976	-97.7916133404	105056
171	2010-09-20T20:57:49Z	30.2827510388	-97.7416276932	977420
171	2010-09-14T22:07:23Z	30.2874112667	-97.7418275	96504
171	2010-09-13T19:08:16Z	30.2962565667	-97.7424673	302385
171	2010-09-10T16:16:38Z	30.2874223592	-97.7417036527	47522
171	2010-09-10T00:59:34Z	30.29611945	-97.8324151	15357
171	2010-09-07T14:51:46Z	30.2865124992	-97.7411448956	10750
171	2010-09-07T14:34:21Z	30.2878581591	-97.7426442504	17817
171	2010-09-06T18:47:27Z	31.5142838667	-97.1874987833	1014032
171	2010-09-03T12:41:03Z	30.2894956239	-97.7406835556	56554
171	2010-09-03T12:33:56Z	30.2878581591	-97.7426442504	17817
171	2010-09-01T19:57:10Z	30.2896994366	-97.7415847778	1603753
171	2010-08-31T22:54:48Z	30.2894956239	-97.7406835556	56554
171	2010-08-30T23:52:29Z	30.2826696333	-97.7422088333	43230
164	2009-11-25T17:58:43Z	49.4926048739	11.4318859577	131414
164	2009-11-23T19:12:48Z	49.5016287345	11.4451360703	125414
164	2009-11-22T12:32:24Z	49.4361942072	11.1206424236	121304
164	2009-11-22T11:34:46Z	49.4463724517	11.1011052132	121233
164	2009-11-22T11:12:48Z	49.4576504643	11.0768473148	121204
164	2009-11-21T17:36:28Z	49.4982484167	11.3877926	118694
164	2009-11-20T19:07:16Z	49.4519803964	11.0830485821	115836
164	2009-11-20T18:39:01Z	49.4488266	11.0732898	115752
164	2009-11-15T21:52:39Z	49.4456818768	11.0828983784	53758
164	2009-11-15T18:23:39Z	53.6330646043	10.0064569781	74436
164	2009-11-15T15:15:19Z	53.5525832345	9.9618518762	103369
164	2009-11-13T10:21:36Z	53.6014888528	10.0698924065	97153
164	2009-10-29T19:55:51Z	49.4516691513	11.0780543089	68118
164	2009-10-20T15:55:39Z	48.1579292167	11.7601653667	54878
166	2010-09-05T01:01:37Z	30.2528845	-97.7005691333	96758
166	2010-06-13T23:35:52Z	30.2510314833	-97.754092	49904
166	2010-04-20T14:23:27Z	30.2819820525	-97.7404367924	28193
166	2010-04-03T20:59:36Z	30.4624559167	-97.7691808333	819137
166	2010-04-03T14:20:22Z	30.2954757167	-97.7842640833	10577
166	2010-03-28T19:38:17Z	30.33982425	-97.8069568333	104472
166	2010-03-28T17:40:59Z	30.38368993	-97.95458811	818266
166	2010-03-27T01:59:17Z	30.295243905	-97.7842721343	27281
166	2010-03-27T00:17:16Z	30.2709220333	-97.7879393667	16753
166	2010-03-25T02:56:04Z	32.960239	-117.2661580667	195221
166	2010-03-21T08:56:02Z	30.2664713322	-97.7398467064	688009
166	2010-03-21T06:05:17Z	30.2657392843	-97.7415955067	9244
166	2010-03-21T06:00:43Z	30.2664503667	-97.7440493	759682
166	2010-03-19T02:42:48Z	30.2701632167	-97.7504193	41937
166	2010-03-16T20:25:17Z	30.2657133739	-97.7378403744	693195
166	2010-03-16T02:45:24Z	30.2667975333	-97.7452325667	9618
166	2010-03-14T21:22:09Z	30.2646980625	-97.7387317187	701762
166	2010-03-14T17:31:52Z	30.2521930833	-97.7484045667	34491
166	2010-03-13T19:06:58Z	30.2292597076	-97.8209245205	80272
166	2010-02-26T22:35:35Z	30.2686964002	-97.7456147969	9313
166	2010-01-23T20:06:24Z	30.3071145905	-97.7401041985	330092
166	2010-01-20T18:48:37Z	30.26868775	-97.74555595	18205
159	2010-09-27T20:18:57Z	37.7816647651	-122.394207716	34318
159	2010-09-26T21:32:04Z	37.7724713087	-122.413315773	4491500
159	2010-09-26T08:09:41Z	37.7644573114	-122.4218370568	399888
159	2010-09-25T06:52:48Z	37.7815086	-122.4050282333	86754
159	2010-09-24T20:35:42Z	37.781628727	-122.3939502239	15198
159	2010-09-23T22:30:27Z	37.7857310667	-122.3967678167	96084
159	2010-09-23T20:38:25Z	37.7821282667	-122.3927146	1174575
159	2010-09-22T20:43:31Z	37.7878776333	-122.39725865	111240
159	2010-09-22T20:42:20Z	37.7832737417	-122.4024689198	4089460
159	2010-09-21T20:51:14Z	37.7805201167	-122.4001753833	161962
159	2010-09-21T20:50:57Z	37.7786746667	-122.3968291167	304687
159	2010-09-21T20:50:32Z	37.7888211	-122.39426612	803542
159	2010-09-21T20:48:25Z	37.7852371	-122.3957013	1060559
159	2010-09-21T03:12:11Z	37.7740454991	-122.4135088921	188705
159	2010-09-21T02:17:19Z	37.7714519667	-122.4077319833	37478
159	2010-09-20T17:11:35Z	37.7847236986	-122.3951625824	33793
159	2010-09-18T05:02:53Z	37.7777873903	-122.4202466011	31537
159	2010-09-18T03:13:41Z	37.7770411473	-122.4228215218	25631
160	2010-10-20T12:03:43Z	41.8964835185	-87.6388485607	769117
160	2010-10-15T23:51:22Z	41.9277411132	-87.7069312334	513093
160	2010-10-13T13:03:34Z	41.8964835185	-87.6388485607	769117
160	2010-10-06T23:19:58Z	41.924620533	-87.720156117	5056094
160	2010-10-06T13:11:48Z	41.8964835185	-87.6388485607	769117
160	2010-10-02T18:48:19Z	41.9032579369	-87.675647759	425942
160	2010-10-01T17:38:29Z	41.88168635	-87.624767433	2363587
160	2010-09-28T18:23:40Z	41.8844925568	-87.6257550637	208762
160	2010-09-25T19:56:47Z	41.91248	-87.677452	1086584
160	2010-09-19T16:24:30Z	42.279671459	-83.748595858	1184726
160	2010-09-15T19:08:28Z	41.8826079333	-87.6233696833	11793
160	2010-09-15T19:08:01Z	41.8862318082	-87.6227724256	715576
153	2009-12-16T18:35:20Z	30.2707977167	-97.78760895	32187
153	2009-12-16T02:27:11Z	30.2698105017	-97.7489702462	42124
153	2009-12-16T01:35:16Z	30.266832721	-97.7437198162	25634
153	2009-12-16T00:32:59Z	30.2663323362	-97.7448141575	9251
153	2009-12-15T01:11:09Z	30.2837061833	-97.7210927	14900
153	2009-12-14T13:56:25Z	30.3159570667	-97.73368835	11381
153	2009-12-13T18:28:55Z	30.4015818147	-97.7265161276	11591
153	2009-12-13T17:24:58Z	30.4375555643	-97.7643299103	88459
153	2009-12-10T03:10:10Z	30.2686964002	-97.7456147969	9313
153	2009-12-09T14:35:08Z	30.3534166167	-97.7546448333	64326
153	2009-12-09T01:57:20Z	30.2859010401	-97.7312636375	10755
153	2009-12-08T20:41:23Z	30.3910298069	-97.7483814955	28259
156	2010-08-14T02:43:22Z	30.2695945667	-97.7481275333	31324
156	2010-08-10T20:58:45Z	30.2015573297	-97.6671266556	9410
156	2010-08-10T15:32:20Z	41.9780286285	-87.9036712646	22831
156	2010-08-10T08:51:33Z	42.3666420527	-71.0169506349	14128
156	2010-08-09T23:00:06Z	42.3661650833	-71.1052239833	106523
156	2010-08-07T15:34:04Z	42.3490295989	-71.0824549198	486803
156	2010-08-06T11:51:07Z	30.2015573297	-97.6671266556	9410
156	2010-08-05T02:57:33Z	30.2955357104	-97.7416491508	15255
156	2010-08-03T01:03:35Z	30.2515346167	-97.7490263167	87899
156	2010-07-25T17:37:58Z	30.4076913248	-97.7133786678	26919
156	2010-07-25T03:05:31Z	30.2746356137	-97.7649521828	281099
156	2010-07-25T00:42:30Z	30.2506754911	-97.7495348454	10923
156	2010-07-24T22:37:05Z	30.26230215	-97.7614974833	14242
156	2010-07-12T02:43:47Z	30.3041660667	-97.72658585	14700
156	2010-07-11T01:18:16Z	30.2493640765	-97.7494704723	11368
156	2010-07-10T14:56:47Z	30.4077699756	-97.7132874727	10279
156	2010-07-08T20:47:39Z	30.3595636695	-97.7346646786	27622
156	2010-07-08T04:44:29Z	30.3706522167	-97.7275386667	59935
156	2010-07-04T02:11:54Z	30.2672588667	-97.7396321167	9220
156	2010-07-04T00:38:36Z	30.2670013833	-97.7397823333	9474
156	2010-07-03T18:42:47Z	29.3046176861	-94.792064144	628610
156	2010-07-03T17:54:41Z	29.30569225	-94.7825397167	440777
156	2010-07-03T17:52:27Z	29.29867	-94.782071	1055037
148	2010-01-19T18:02:47Z	30.269946169	-97.7419441938	18556
148	2010-01-19T15:26:43Z	30.2695999146	-97.7407150269	368713
148	2010-01-18T23:12:59Z	30.2695999146	-97.7407150269	368713
148	2010-01-18T17:42:34Z	30.27122855	-97.7417564333	13468
148	2010-01-18T15:19:03Z	30.3068367134	-97.71068573	226573
148	2010-01-17T16:06:57Z	30.2236153833	-97.8407790667	158045
148	2010-01-15T23:38:20Z	30.2402670833	-97.7886598667	132945
148	2010-01-15T19:12:08Z	30.2686574333	-97.7451459667	387614
148	2010-01-15T19:06:00Z	30.268509918	-97.7454471588	41994
148	2010-01-15T15:36:27Z	30.27065395	-97.7419719	38607
148	2010-01-15T15:32:17Z	30.2695999146	-97.7407150269	368713
148	2010-01-14T23:49:08Z	30.3057429833	-97.7080045833	29107
148	2010-01-13T15:13:58Z	30.26766669	-97.7709388733	9262
143	2009-11-11T18:59:29Z	30.2510462058	-97.7493242919	15326
143	2009-11-11T17:45:13Z	30.2473575319	-97.7507579327	10858
143	2009-11-06T16:48:02Z	30.2963208	-97.8320287	25175
143	2009-11-05T23:18:57Z	30.2490698167	-97.7500471473	12344
143	2009-11-05T21:47:21Z	30.2510462058	-97.7493242919	15326
143	2009-11-04T18:56:34Z	30.3222978	-97.7139472833	12763
143	2009-11-04T17:56:53Z	30.2367865827	-97.7628627419	18758
143	2009-11-04T15:56:12Z	30.2963208	-97.8320287	25175
143	2009-11-02T19:33:06Z	30.2963208	-97.8320287	25175
143	2009-11-02T18:42:20Z	30.2733413081	-97.7995000981	75096
143	2009-10-29T22:27:55Z	30.2675137962	-97.741265595	9221
143	2009-10-18T02:47:39Z	30.2651181167	-97.7478270833	35000
143	2009-10-17T23:23:41Z	30.2649771146	-97.7461391687	27256
144	2009-10-21T18:46:44Z	41.82819005	-71.4094812333	56636
144	2009-10-21T18:15:13Z	41.8279050667	-71.4007248667	56597
144	2009-10-17T17:07:43Z	42.3666420527	-71.0169506349	14128
144	2009-10-17T00:22:19Z	41.8224299631	-71.4167118073	50506
146	2010-10-14T23:17:17Z	39.6385202277	-86.0827680608	399041
146	2010-10-13T22:14:03Z	39.8278938833	-86.3010869833	307564
146	2010-10-13T18:46:09Z	39.7666754667	-86.1587906833	42636
146	2010-10-10T16:28:11Z	39.79567625	-86.306662	816725
146	2010-10-03T16:14:40Z	39.79567625	-86.306662	816725
146	2010-09-17T20:58:58Z	39.7640919667	-86.3254380167	410560
146	2010-09-08T02:14:59Z	39.77588701	-86.17742317	1443621
146	2010-09-07T12:04:56Z	39.77588701	-86.17742317	1443621
146	2010-09-06T22:30:27Z	39.7726462667	-86.1627380667	86582
146	2010-09-06T18:12:01Z	39.7108727667	-86.3602039	480308
146	2010-09-03T21:11:28Z	39.7818485	-86.1659853	948821
146	2010-09-03T18:42:54Z	39.9138541936	-86.1119296576	31220
146	2010-08-29T16:13:36Z	39.79567625	-86.306662	816725
146	2010-08-24T23:05:43Z	39.71113045	-86.3571131	71888
146	2010-08-19T23:53:03Z	39.8269786364	-86.1371254921	393931
146	2010-07-31T15:32:28Z	39.76398956	-86.34211778	1335922
146	2010-07-17T17:10:53Z	39.7694369833	-86.14915395	79035
141	2010-06-06T01:54:02Z	30.2157486	-97.767859733	1233100
141	2010-06-05T18:23:41Z	30.36972457	-97.71721059	438443
141	2010-06-05T18:15:37Z	30.3644587	-97.7402135667	40302
141	2010-06-05T16:47:29Z	30.3545608667	-97.7560799	152396
141	2010-06-05T16:31:50Z	30.35288255	-97.7587007	1229309
141	2010-06-04T17:06:24Z	30.33723235	-97.8038334833	13729
141	2010-06-03T17:33:33Z	30.3547364	-97.8012467	1190498
141	2010-06-03T16:42:27Z	30.3341112252	-97.8082752228	20787
141	2010-06-03T13:34:53Z	30.2795831833	-97.7594679667	15678
141	2010-06-02T23:17:32Z	30.2819820525	-97.7404367924	28193
141	2010-06-01T17:07:26Z	30.27055195	-97.7483066333	18328
141	2010-05-30T18:19:12Z	30.3936256927	-97.7311778069	72125
141	2010-05-29T15:09:24Z	30.3547364	-97.8012467	1190498
140	2009-12-02T00:46:36Z	40.018909623	-105.2753520012	16652
140	2009-12-02T00:46:01Z	40.0190143831	-105.2752661705	21655
140	2009-12-01T21:48:15Z	40.0192929667	-105.27464835	153807
140	2009-12-01T19:51:45Z	40.0193676907	-105.2747243643	153357
140	2009-11-30T19:41:34Z	38.8331431161	-104.8235637835	150184
140	2009-11-30T18:22:22Z	38.9327019	-104.8018946	149894
140	2009-11-30T18:02:28Z	38.8988157333	-104.74761955	108715
140	2009-11-30T16:59:09Z	38.9140793333	-104.7168789833	63844
140	2009-11-29T20:56:08Z	38.9032571955	-104.684933424	139866
140	2009-11-29T15:09:41Z	38.8891971918	-104.7576980749	52077
140	2009-11-28T01:17:45Z	38.9032571955	-104.684933424	139866
140	2009-11-27T19:21:02Z	38.9180755855	-104.7861278057	66793
140	2009-11-26T01:33:13Z	39.7578399354	-105.0113757078	27967
140	2009-11-26T00:24:56Z	39.7567121333	-105.00876475	17340
140	2009-11-21T03:18:36Z	38.91102335	-104.7149862667	117007
138	2009-03-14T02:07:00Z	30.2668906357	-97.7456858754	9223
138	2009-03-14T02:05:58Z	30.2670412139	-97.7457743883	9224
138	2009-03-14T01:59:14Z	30.2666366	-97.74473905	9245
138	2009-03-14T01:49:20Z	30.2663601354	-97.7427971363	9226
138	2009-03-14T01:47:19Z	30.2663601354	-97.7427971363	9226
138	2009-03-13T23:54:44Z	30.2672543395	-97.739444375	9249
138	2009-03-13T23:49:02Z	30.2675137962	-97.741265595	9221
138	2009-03-13T23:44:20Z	30.26780605	-97.74154185	9222
138	2009-03-13T21:38:15Z	30.2636079743	-97.7395677567	9246
138	2009-03-13T21:37:23Z	30.2636079743	-97.7395677567	9246
138	2009-03-13T21:36:52Z	30.2652388939	-97.7391815186	9248
138	2009-03-13T21:24:02Z	30.2675137962	-97.741265595	9221
138	2009-03-13T21:23:24Z	30.2675137962	-97.741265595	9221
138	2009-03-13T21:23:24Z	30.2675137962	-97.741265595	9221
138	2009-03-13T21:19:00Z	30.26780605	-97.74154185	9222
138	2009-03-13T18:26:48Z	31.5251719833	-97.13225125	9308
138	2009-03-06T20:41:23Z	32.9426875167	-97.1306455	883057
138	2009-02-23T18:45:30Z	32.9429603983	-97.1306419373	8988
138	2009-02-23T18:44:11Z	32.9438112506	-97.1304541826	9056
138	2009-02-18T18:50:55Z	32.9388253194	-97.1041309834	9208

